mydata= [
0.0000 0.0000
0.0200 0.4384
0.0400 0.8700
0.0600 1.2878
0.0800 1.6854
0.1000 2.0563
0.1200 2.3949
0.1400 2.6958
0.1600 2.9542
0.1800 3.1660
0.2000 3.3280
0.2200 3.4375
0.2400 3.4929
0.2600 3.4933
0.2800 3.4386
0.3000 3.3297
0.3200 3.1684
0.3400 2.9572
0.3600 2.6994
0.3800 2.3990
0.4000 2.0609
0.4200 1.6902
0.4400 1.2930
0.4600 0.8754
0.4800 0.4440
0.5000 0.0056
0.5200 -0.4329
0.5400 -0.8646
0.5600 -1.2826
0.5800 -1.6805
0.6000 -2.0518
0.6200 -2.3909
0.6400 -2.6922
0.6600 -2.9512
0.6800 -3.1637
0.7000 -3.3263
0.7200 -3.4365
0.7400 -3.4926
0.7600 -3.4936
0.7800 -3.4396
0.8000 -3.3314
0.8200 -3.1708
0.8400 -2.9602
0.8600 -2.7029
0.8800 -2.4031
0.9000 -2.0654
0.9200 -1.6951
0.9400 -1.2982
0.9600 -0.8808
0.9800 -0.4495
1.0000 -0.0111
1.0200 0.4274
1.0400 0.8592
1.0600 1.2774
1.0800 1.6756
1.1000 2.0473
1.1200 2.3868
1.1400 2.6887
1.1600 2.9482
1.1800 3.1613
1.2000 3.3245
1.2200 3.4354
1.2400 3.4922
1.2600 3.4939
1.2800 3.4407
1.3000 3.3331
1.3200 3.1731
1.3400 2.9631
1.3600 2.7064
1.3800 2.4071
1.4000 2.0699
1.4200 1.7000
1.4400 1.3033
1.4600 0.8862
1.4800 0.4550
1.5000 0.0167
1.5200 -0.4218
1.5400 -0.8538
1.5600 -1.2722
1.5800 -1.6707
1.6000 -2.0428
1.6200 -2.3827
1.6400 -2.6851
1.6600 -2.9452
1.6800 -3.1589
1.7000 -3.3228
1.7200 -3.4344
1.7400 -3.4918
1.7600 -3.4943
1.7800 -3.4417
1.8000 -3.3348
1.8200 -3.1755
1.8400 -2.9661
1.8600 -2.7100
1.8800 -2.4112
1.9000 -2.0743
1.9200 -1.7049
1.9400 -1.3085
1.9600 -0.8916
1.9800 -0.4606
];
